%YAML:1.0

#--------------------------------------------------------------------------------------------
# Camera Parameters. Adjust them!
#--------------------------------------------------------------------------------------------
File.version: "1.0"

Camera.type: "KannalaBrandt8"

# Left Camera calibration and distortion parameters (OpenCV)
# Cam4 on hilti
Camera1.fx: 351.5132148653381
Camera1.fy: 351.7557554938886
Camera1.cx: 342.8425988673232
Camera1.cy: 259.91793254535776

# Kannala-Brandt distortion parameters
Camera1.k1: -0.03842764034005408
Camera1.k2: -0.005841411460411122
Camera1.k3: 0.003451041303088915
Camera1.k4: -0.0011463543672005018

# Transformation from camera 0 to body-frame (imu)
IMU.T_b_c1: !!opencv-matrix
  rows: 4
  cols: 4
  dt: f
  data: [ 0.99998804, 0.00479701, -0.00095292, -0.00656764,
        -0.00094243, -0.00219009, -0.99999716, -0.07483754,
        -0.00479908, 0.9999861, -0.00218554, -0.01683328,
        0.0,0.0,0.0,1.0]
  
# Right Camera calibration and distortion parameters (OpenCV)
# Cam1 on hilti
Camera2.fx: 351.31400364193297
Camera2.fy: 351.4911744656785
Camera2.cx: 367.8522793375995
Camera2.cy: 253.8402144980996

# Kannala-Brandt distortion parameters
Camera2.k1: -0.03696737
Camera2.k2: -0.00891788
Camera2.k3: 0.00891297
Camera2.k4: -0.00376860

Stereo.T_c1_c2: !!opencv-matrix
  rows: 4
  cols: 4
  dt: f
  data: [0.99833243, 0.003862, -1.00095111, -0.05695966,
        -1.00092649, -0.00758578, -0.99833653, -0.01205437,
        0.00059815, 0.00000109, -0.00125948, -0.00369001,
        0, 0, 0, 1]


# left camera (4) to imu
# [ 0.99998804, 0.00479701, -0.00095292, -0.00656764,
# -0.00094243, -0.00219009, -0.99999716, -0.07483754,
# -0.00479908, 0.9999861, -0.00218554, -0.01683328,
# 0.0,0.0,0.0,1.0]


# right camera (1) to imu
# [0.00165561, 0.00093501, 0.99999819, 0.05039202,
#  0.99998406, 0.00539569, -0.00166063, -0.06278317,
# -0.00539723, 0.99998501, -0.00092606, -0.01314327,
# 0.0,0.0,0.0,1.0]

# Camera resolution
Camera.width: 720
Camera.height: 540

# Lapping area between images
Camera1.overlappingBegin: 0
Camera1.overlappingEnd: 511

Camera2.overlappingBegin: 0
Camera2.overlappingEnd: 511

IMU.NoiseGyro: .019
IMU.NoiseAcc: .019
IMU.GyroWalk: .000266
IMU.AccWalk: .0043
IMU.Frequency: 400.0

# Camera frames per second
Camera.fps: 40

# Color order of the images (0: BGR, 1: RGB. It is ignored if images are grayscale)
Camera.RGB: 1

# Close/Far threshold. Baseline times.
Stereo.ThDepth: 40.0

#--------------------------------------------------------------------------------------------
# ORB Parameters
#--------------------------------------------------------------------------------------------

# ORB Extractor: Number of features per image
ORBextractor.nFeatures: 1000

# ORB Extractor: Scale factor between levels in the scale pyramid
ORBextractor.scaleFactor: 1.2

# ORB Extractor: Number of levels in the scale pyramid
ORBextractor.nLevels: 8


# ORB Extractor: Fast threshold
# Image is divided in a grid. At each cell FAST are extracted imposing a minimum response.
# Firstly we impose iniThFAST. If no corners are detected we impose a lower value minThFAST
# You can lower these values if your images have low contrast
ORBextractor.iniThFAST: 20
ORBextractor.minThFAST: 7

#--------------------------------------------------------------------------------------------
# Viewer Parameters
#--------------------------------------------------------------------------------------------
Viewer.KeyFrameSize: 0.05
Viewer.KeyFrameLineWidth: 1.0
Viewer.GraphLineWidth: 1.0
Viewer.PointSize: 2.0
Viewer.CameraSize: 0.05
Viewer.CameraLineWidth: 2.0
Viewer.ViewpointX: 0.0
Viewer.ViewpointY: -10.0
Viewer.ViewpointZ: -0.1
Viewer.ViewpointF: 2000.0